0 0.241792 0.254538 0.050640 0.084451
0 0.242070 0.389503 0.054535 0.074980
0 0.297718 0.408051 0.064552 0.105762
0 0.190317 0.640884 0.061213 0.094712
0 0.251809 0.614444 0.066221 0.093923
0 0.461603 0.638516 0.059544 0.086819
0 0.464385 0.144830 0.068447 0.112865
0 0.467446 0.136938 0.052309 0.082873
0 0.502782 0.123520 0.069560 0.090766
0 0.830829 0.935675 0.071230 0.104972
0 0.783806 0.397001 0.063996 0.099448
0 0.833890 0.787687 0.070673 0.102605
0 0.841402 0.778216 0.060100 0.078927
0 0.678353 0.092739 0.060100 0.101815
0 0.619644 0.121152 0.067334 0.079716
0 0.624374 0.024467 0.070117 0.047356
0 0.971063 0.247830 0.057874 0.094712
0 0.919310 0.060379 0.079021 0.104972
0 0.987757 0.264799 0.024485 0.082873
1 0.226489 0.741910 0.024485 0.126283
1 0.590985 0.730071 0.033389 0.202052
1 0.590985 0.299132 0.033389 0.164167
