0 0.138168 0.352224 0.077863 0.032999
0 0.078626 0.278336 0.025954 0.094692
0 0.138931 0.203730 0.064122 0.022956
0 0.183969 0.115495 0.025954 0.127690
0 0.228244 0.040890 0.071756 0.027260
0 0.468702 0.040890 0.076336 0.027260
0 0.541221 0.304161 0.019847 0.043042
0 0.458779 0.350072 0.065649 0.028694
0 0.258779 0.352224 0.059542 0.024390
0 0.228244 0.580344 0.044275 0.021521
0 0.461069 0.582496 0.073282 0.028694
0 0.333588 0.581062 0.111450 0.022956
0 0.129771 0.888809 0.061069 0.030129
0 0.253435 0.889527 0.061069 0.025825
0 0.441221 0.888092 0.051908 0.020086
0 0.873282 0.551650 0.024427 0.044476
0 0.874046 0.619799 0.019847 0.048780
0 0.874809 0.690100 0.033588 0.051650
0 0.875573 0.757532 0.029008 0.045911
0 0.531298 0.831420 0.030534 0.064562
1 0.170992 0.177188 0.051908 0.044476
1 0.412214 0.144907 0.039695 0.040172
1 0.506107 0.147059 0.044275 0.035868
1 0.335115 0.238881 0.044275 0.032999
1 0.383969 0.205882 0.050382 0.041607
1 0.412214 0.236011 0.051908 0.035868
1 0.361832 0.360832 0.051908 0.041607
1 0.301527 0.564562 0.041221 0.035868
1 0.255725 0.642755 0.053435 0.040172
1 0.251908 0.683644 0.039695 0.032999
1 0.418321 0.682209 0.045802 0.047346
1 0.304580 0.776901 0.053435 0.035868
1 0.470992 0.837159 0.041221 0.032999
1 0.380916 0.778336 0.047328 0.038737
1 0.483969 0.756098 0.045802 0.045911
1 0.351145 0.899570 0.048855 0.045911
1 0.654198 0.601148 0.035115 0.040172
1 0.724427 0.603300 0.050382 0.032999
1 0.731298 0.636298 0.036641 0.032999
1 0.543511 0.715925 0.051908 0.045911
1 0.287023 0.601148 0.039695 0.034433
