1 0.168702 0.180775 0.053435 0.034433
1 0.413740 0.146341 0.048855 0.037303
1 0.505344 0.149211 0.039695 0.034433
1 0.385496 0.203730 0.047328 0.037303
1 0.334351 0.237446 0.039695 0.030129
1 0.414504 0.236729 0.047328 0.031564
1 0.361069 0.363702 0.050382 0.041607
1 0.283969 0.599713 0.045802 0.034433
1 0.254198 0.644189 0.047328 0.034433
1 0.255725 0.680775 0.047328 0.030129
1 0.418321 0.685796 0.045802 0.045911
1 0.378626 0.778336 0.039695 0.041607
1 0.300000 0.778336 0.050382 0.038737
1 0.474046 0.833572 0.047328 0.040172
1 0.480916 0.756098 0.042748 0.043042
1 0.648855 0.608321 0.039695 0.045911
1 0.721374 0.602582 0.041221 0.034433
1 0.725954 0.636298 0.059542 0.038737
1 0.302290 0.564562 0.048855 0.035868
0 0.227481 0.043759 0.073282 0.024390
0 0.466412 0.040172 0.062595 0.022956
0 0.079389 0.281205 0.024427 0.086083
0 0.133588 0.352224 0.059542 0.021521
0 0.264885 0.352941 0.056489 0.022956
0 0.462595 0.354376 0.073282 0.028694
0 0.541221 0.300574 0.032061 0.050215
0 0.230534 0.579627 0.042748 0.028694
0 0.357252 0.580344 0.061069 0.024390
0 0.459542 0.581062 0.067176 0.022956
0 0.128244 0.886657 0.067176 0.020086
0 0.252672 0.886657 0.056489 0.025825
0 0.438931 0.888809 0.047328 0.021521
0 0.532061 0.832855 0.029008 0.058824
0 0.875573 0.550215 0.022901 0.047346
0 0.872519 0.624821 0.019847 0.050215
0 0.872519 0.688666 0.019847 0.043042
0 0.871756 0.753945 0.024427 0.047346
1 0.543511 0.715208 0.048855 0.044476
