1 0.347806 0.133812 0.074040 0.066580
1 0.671389 0.496084 0.117916 0.078329
1 0.237660 0.441906 0.073126 0.066580
1 0.346892 0.459530 0.064899 0.078329
1 0.352377 0.833551 0.088665 0.061358
1 0.339122 0.917102 0.071298 0.066580
0 0.690585 0.156005 0.125229 0.043081
0 0.028793 0.331593 0.021024 0.161880
0 0.029250 0.546997 0.027422 0.156658
0 0.026508 0.750000 0.023766 0.108355
0 0.819013 0.724543 0.012797 0.253264
0 0.818556 0.937337 0.019196 0.125326
0 0.458867 0.152089 0.170018 0.050914
1 0.830439 0.558747 0.048446 0.083551
1 0.015996 0.940601 0.030165 0.092689
