1 0.062076 0.401917 0.056256 0.072271
1 0.292919 0.396755 0.046557 0.076696
1 0.343356 0.403392 0.052376 0.063422
1 0.427255 0.193215 0.057226 0.070796
1 0.851600 0.416667 0.050436 0.084071
1 0.871484 0.521386 0.051406 0.060472
1 0.305044 0.778761 0.047527 0.082596
1 0.396702 0.781711 0.062076 0.085546
1 0.587779 0.637906 0.052376 0.075221
1 0.638700 0.640118 0.041707 0.076696
1 0.720175 0.798673 0.039767 0.063422
1 0.807953 0.747788 0.044617 0.058997
1 0.850630 0.642330 0.048497 0.078171
1 0.397187 0.645280 0.053346 0.089971
0 0.130941 0.513274 0.100873 0.026549
0 0.227934 0.412242 0.017459 0.101770
0 0.228419 0.303835 0.018429 0.088496
0 0.487391 0.223451 0.080504 0.019174
0 0.628031 0.133481 0.196896 0.025074
0 0.881668 0.132743 0.089234 0.014749
0 0.976722 0.502950 0.013579 0.076696
0 0.512124 0.873156 0.095053 0.017699
0 0.667798 0.872419 0.074685 0.022124
0 0.775946 0.874631 0.050436 0.023599
0 0.880698 0.875369 0.081474 0.022124
