1 0.238095 0.232625 0.071429 0.063707
1 0.563492 0.234556 0.055556 0.063707
1 0.545635 0.556950 0.083333 0.071429
1 0.555556 0.451737 0.075397 0.061776
1 0.614087 0.407336 0.049603 0.046332
1 0.693452 0.381274 0.061508 0.059846
1 0.687500 0.812741 0.069444 0.057915
1 0.682540 0.948842 0.063492 0.067568
1 0.771825 0.947876 0.071429 0.069498
1 0.946429 0.593629 0.091270 0.063707
1 0.744048 0.288610 0.055556 0.055985
1 0.817460 0.399614 0.059524 0.061776
1 0.683532 0.448842 0.045635 0.052124
1 0.687500 0.504826 0.057540 0.052124
0 0.055556 0.173745 0.035714 0.115830
0 0.270833 0.531853 0.339286 0.025097
0 0.583333 0.692085 0.023810 0.175676
0 0.916667 0.351351 0.023810 0.057915
0 0.915675 0.462355 0.017857 0.052124
0 0.435516 0.049228 0.109127 0.040541
0 0.616071 0.048263 0.132937 0.042471
0 0.784722 0.054054 0.132937 0.046332
