1 0.089677 0.741302 0.029494 0.074933
1 0.099641 0.641392 0.031885 0.055308
1 0.149462 0.414362 0.023117 0.050847
1 0.185731 0.224799 0.023914 0.062444
1 0.399562 0.218555 0.031487 0.066012
1 0.367278 0.678412 0.025907 0.063336
1 0.186329 0.635593 0.033081 0.059768
1 0.405540 0.413916 0.022718 0.062444
1 0.381626 0.416592 0.024312 0.060660
1 0.499601 0.478145 0.033081 0.062444
1 0.474691 0.556646 0.023117 0.053524
1 0.367477 0.730598 0.023914 0.041035
1 0.365086 0.849242 0.029494 0.053524
1 0.150060 0.471900 0.025907 0.058876
1 0.936429 0.423729 0.030690 0.066012
0 0.146074 0.252007 0.040255 0.027654
0 0.108609 0.485281 0.018733 0.062444
0 0.064767 0.628903 0.013153 0.067797
0 0.152650 0.705620 0.033479 0.023194
0 0.252491 0.706512 0.035472 0.024978
0 0.327421 0.763158 0.009964 0.070473
0 0.445994 0.712310 0.040654 0.027654
0 0.444998 0.201606 0.037864 0.030330
0 0.250299 0.200714 0.055002 0.023194
0 0.210642 0.219001 0.017138 0.059768
0 0.291351 0.226583 0.020725 0.032114
0 0.348147 0.247993 0.037864 0.021409
1 0.796931 0.447368 0.018733 0.049063
1 0.847947 0.490187 0.031487 0.068689
1 0.407533 0.505352 0.021921 0.052632
1 0.388800 0.563782 0.022718 0.042819
1 0.367876 0.780107 0.023117 0.050847
