1 0.186567 0.476815 0.036247 0.058468
1 0.136994 0.673387 0.035181 0.060484
1 0.556503 0.651210 0.036247 0.056452
1 0.593817 0.717742 0.038380 0.068548
1 0.648188 0.783266 0.051173 0.086694
1 0.656183 0.573589 0.035181 0.090726
1 0.286247 0.240927 0.054371 0.070565
1 0.321962 0.288306 0.031983 0.060484
1 0.290512 0.407258 0.043710 0.056452
1 0.436567 0.338710 0.041578 0.068548
1 0.713220 0.592742 0.044776 0.076613
1 0.840085 0.778226 0.049041 0.108871
1 0.888060 0.780242 0.046908 0.120968
0 0.544776 0.189516 0.089552 0.032258
0 0.173241 0.867944 0.082090 0.030242
0 0.317697 0.867944 0.072495 0.030242
0 0.431237 0.867944 0.037313 0.026210
0 0.593284 0.865927 0.037313 0.030242
0 0.929638 0.393145 0.012793 0.040323
0 0.153518 0.290323 0.076759 0.024194
0 0.265991 0.293347 0.047974 0.026210
