0 0.241792 0.259274 0.051753 0.076559
0 0.242348 0.386740 0.051753 0.075770
0 0.297997 0.402526 0.065109 0.093133
0 0.466889 0.140489 0.080134 0.104183
0 0.499722 0.127466 0.066778 0.097080
0 0.471341 0.133781 0.055648 0.076559
0 0.193656 0.644041 0.061213 0.097869
0 0.250974 0.616417 0.060100 0.096290
0 0.464107 0.636148 0.058987 0.074191
0 0.784363 0.396212 0.061770 0.093133
0 0.620479 0.117601 0.067891 0.074191
0 0.622705 0.026835 0.070117 0.052092
0 0.922927 0.059590 0.080690 0.098658
0 0.831386 0.785320 0.071230 0.094712
0 0.839455 0.780584 0.067334 0.078927
0 0.831664 0.932518 0.071786 0.100237
0 0.971619 0.249408 0.056761 0.101026
0 0.988314 0.261247 0.023372 0.075770
1 0.231219 0.735991 0.033945 0.136543
1 0.592098 0.726914 0.034502 0.200474
1 0.590985 0.303867 0.032276 0.159432
