1 0.185931 0.231936 0.028298 0.064228
1 0.150259 0.417038 0.027102 0.056200
1 0.397369 0.214987 0.039059 0.066012
1 0.098645 0.637823 0.028298 0.057092
1 0.088083 0.734612 0.036668 0.072257
1 0.367676 0.842997 0.029095 0.062444
1 0.473097 0.549063 0.022320 0.047279
1 0.502989 0.479483 0.035074 0.059768
1 0.186329 0.635147 0.026704 0.053524
1 0.404544 0.417484 0.024711 0.058876
1 0.380829 0.416146 0.021921 0.056200
1 0.365285 0.727029 0.024312 0.044603
1 0.369071 0.783675 0.020725 0.054416
1 0.365285 0.677520 0.025110 0.063336
1 0.388402 0.562444 0.021921 0.045495
1 0.935233 0.425067 0.033081 0.056200
1 0.842367 0.485281 0.027501 0.053524
1 0.798725 0.446030 0.023117 0.051740
0 0.147868 0.247101 0.039059 0.024978
0 0.108011 0.483051 0.010363 0.045495
0 0.065763 0.631133 0.012754 0.063336
0 0.154843 0.705174 0.036269 0.027654
0 0.253687 0.706512 0.038661 0.030330
0 0.327222 0.759590 0.009566 0.065120
0 0.447987 0.711418 0.043842 0.024086
0 0.447788 0.204728 0.041849 0.031222
0 0.250697 0.202944 0.057393 0.018733
0 0.349542 0.244871 0.032682 0.013381
0 0.207055 0.229706 0.023515 0.074041
0 0.292746 0.221677 0.018733 0.059768
