0 0.057107 0.678826 0.017766 0.065836
0 0.052665 0.153915 0.013959 0.040925
0 0.051396 0.230427 0.019036 0.037367
0 0.150381 0.823843 0.079949 0.017794
0 0.369289 0.897687 0.025381 0.016014
0 0.494924 0.895018 0.081218 0.017794
0 0.661802 0.895018 0.079949 0.021352
0 0.928934 0.639680 0.015228 0.069395
0 0.586294 0.395907 0.137056 0.019573
0 0.328046 0.154804 0.019036 0.103203
0 0.053934 0.362989 0.019036 0.067616
0 0.054569 0.519573 0.012690 0.067616
0 0.143401 0.088078 0.027919 0.019573
0 0.307107 0.088078 0.027919 0.016014
0 0.395939 0.303381 0.109137 0.019573
0 0.844543 0.387900 0.049492 0.017794
1 0.141497 0.490214 0.044416 0.062278
1 0.146574 0.420819 0.036802 0.044484
1 0.098985 0.324733 0.035533 0.040925
1 0.144670 0.324733 0.032995 0.044484
1 0.135787 0.158363 0.035533 0.049822
1 0.303299 0.277580 0.045685 0.067616
1 0.280457 0.881673 0.058376 0.094306
1 0.308376 0.777580 0.050761 0.067616
1 0.361675 0.714413 0.055838 0.055160
1 0.456218 0.713523 0.041878 0.067616
1 0.626904 0.711744 0.043147 0.071174
1 0.789340 0.515125 0.043147 0.062278
1 0.789340 0.371886 0.050761 0.074733
1 0.268401 0.530249 0.046954 0.064057
1 0.489848 0.373665 0.048223 0.071174
