0 0.338384 0.295656 0.064491 0.071601
0 0.159674 0.291633 0.050505 0.049075
0 0.205517 0.166130 0.056721 0.050684
0 0.290987 0.166935 0.045843 0.052293
0 0.097902 0.347949 0.054390 0.052293
0 0.115385 0.332261 0.053613 0.051488
0 0.746698 0.356798 0.041958 0.052293
0 0.566434 0.399437 0.040404 0.037812
0 0.566434 0.429606 0.038850 0.040225
1 0.555167 0.295253 0.020979 0.085278
1 0.153069 0.111022 0.074592 0.028962
1 0.341103 0.476669 0.138306 0.032985
1 0.683761 0.478278 0.071484 0.023331
1 0.936674 0.290426 0.025641 0.112631
1 0.458042 0.197104 0.022533 0.125503
