1 0.153458 0.112631 0.076923 0.028962
1 0.339161 0.473451 0.143745 0.031376
1 0.557110 0.294851 0.024864 0.084473
1 0.940171 0.297265 0.032634 0.116653
1 0.681430 0.478681 0.069930 0.024135
1 0.455322 0.193484 0.029526 0.123089
0 0.097514 0.347949 0.053613 0.053902
0 0.095183 0.400644 0.042735 0.061142
0 0.341492 0.298069 0.064491 0.068383
0 0.085859 0.264280 0.031857 0.052293
0 0.207848 0.166935 0.058275 0.058729
0 0.291375 0.163315 0.051282 0.048270
0 0.748252 0.354787 0.048174 0.048270
0 0.710179 0.333870 0.037296 0.043443
0 0.565657 0.400644 0.038850 0.035398
0 0.564491 0.431617 0.030303 0.036203
0 0.601010 0.355994 0.047397 0.041030
