0 0.087801 0.265487 0.035742 0.040225
0 0.095183 0.351167 0.052059 0.050684
0 0.096348 0.401448 0.046620 0.054706
0 0.160451 0.291231 0.048951 0.051488
0 0.206682 0.165728 0.055944 0.051488
0 0.292541 0.165728 0.052059 0.059533
0 0.339161 0.295253 0.061383 0.067578
0 0.600622 0.358809 0.043512 0.048270
0 0.747863 0.356798 0.042735 0.049075
0 0.566822 0.414320 0.039627 0.065969
1 0.154235 0.111022 0.075369 0.025744
1 0.341103 0.472245 0.146076 0.032180
1 0.557887 0.293644 0.023310 0.082060
1 0.939005 0.288817 0.034965 0.120676
1 0.842269 0.372084 0.110334 0.031376
1 0.452603 0.193081 0.030303 0.125503
